Layer Name: conv1
Kernel Shape: (3, 3, 3, 32)
Kernel Weights:
[[[[ 8.87084053e-14  3.11129272e-01  1.19772255e-02  1.65614850e-13
     1.67507152e-14  2.31184348e-01 -2.32737631e-01 -2.96911478e-01
    -4.32953903e-15  8.21083635e-02  3.79058927e-01  9.35078702e-14
     1.45881534e-01  1.58076912e-01 -1.66753982e-03  4.56319394e-05
    -5.14434686e-13 -1.85627863e-01  4.04302508e-01 -2.56781399e-01
     1.27436947e-13  8.86099631e-15 -6.08684048e-02  2.80227751e-01
     1.13050954e-03  2.00989982e-03  3.01095426e-01 -1.71066225e-01
    -5.65458477e-01  2.62688458e-01 -4.01542217e-01 -2.50179484e-03]
   [ 1.05321493e-13 -3.48603338e-01  3.99522372e-02  1.44252747e-13
     5.91760866e-14  1.67545795e-01 -1.13974318e-01  9.64645147e-02
     8.52340540e-15 -1.87848985e-01  3.75256538e-01  1.19941383e-13
     1.45519465e-01  1.86711788e-01  1.53669920e-02  4.60369374e-05
    -5.77872602e-13  7.30055496e-02  3.90071779e-01 -1.84163317e-01
     1.02204351e-13 -7.12029702e-15 -2.95435756e-01  2.77150780e-01
     2.02023471e-03  1.00061730e-01 -1.54694617e-01 -9.92387235e-02
    -6.01198375e-01 -3.68573308e-01 -2.60076284e-01  5.69194148e-04]
   [ 7.76630889e-14  2.84631941e-02 -6.56299666e-02  1.05572289e-13
     5.22424477e-14 -3.62549722e-01 -2.63211906e-01  2.31060505e-01
     8.39724578e-15  1.61707282e-01  2.81646729e-01  6.95097192e-14
     5.76706529e-02  1.72670383e-03 -5.96038066e-04  3.59298574e-05
    -3.49498425e-13  1.36400983e-01  2.66564578e-01 -1.69461221e-01
     6.71955980e-14 -3.96864955e-14  3.52671832e-01  2.20403492e-01
     7.39360042e-03  3.90941240e-02 -1.03344165e-01 -5.04917018e-02
    -2.32290849e-01  9.49060917e-02 -3.07268761e-02  8.71661003e-04]]

  [[ 7.60823560e-14  4.21621591e-01  4.52287495e-03  1.21056987e-13
     9.73541045e-14  4.19200897e-01  1.29247094e-02 -3.80108148e-01
     1.03673058e-13  1.18297793e-01 -4.95676160e-01  6.72263081e-14
     1.89624950e-01 -2.50991583e-01  5.45067228e-02  4.52784225e-05
    -3.71558578e-13 -4.06182021e-01  3.25698644e-01 -5.23815632e-01
     1.13873741e-13  8.61050326e-14 -7.25787058e-02  6.56111166e-02
     1.36017101e-03 -5.10851562e-01  3.33016634e-01  3.46277714e-01
     3.77349257e-02  2.76704103e-01 -9.00089145e-02 -5.00411261e-04]
   [ 1.02022754e-13 -4.47525173e-01  5.52609526e-02  7.99602694e-14
     9.16011245e-14  2.72497207e-01 -1.23521220e-02  2.93173641e-01
     1.59587079e-13 -4.33323830e-01 -4.22225565e-01  7.92216770e-14
     1.76198021e-01 -3.10916662e-01  9.39292237e-02  4.47520761e-05
    -4.81087826e-13  5.83050512e-02  2.67893612e-01 -5.07477462e-01
     1.04527633e-13  7.82082258e-14 -2.67310619e-01  9.22649279e-02
     2.94094440e-03 -5.11141777e-01 -1.33721858e-01  3.78510565e-01
     1.33687094e-01 -2.99889803e-01  7.72090182e-02  2.95891427e-03]
   [ 8.04360783e-14  8.17529932e-02  2.25305703e-04  2.61552356e-14
     7.85097559e-14 -5.08310676e-01 -5.18639535e-02  3.19795191e-01
     1.22129005e-13  2.88281173e-01 -2.95267493e-01  3.92793809e-14
     7.61982938e-03 -1.19960584e-01 -2.38468405e-02  3.47489004e-05
    -1.55761973e-13  3.72671425e-01  1.71096385e-01 -2.48422891e-01
     9.12001797e-14  3.96242690e-14  3.41682196e-01  7.50342682e-02
     7.46072875e-03 -2.72385567e-01 -2.25513279e-01  2.48102918e-01
     1.67647488e-02  3.59495394e-02 -8.44512414e-03  2.07344326e-03]]

  [[-1.54986023e-14  1.66793734e-01  2.98755933e-02  2.59170262e-14
     9.63559338e-14  1.87156767e-01  1.21346563e-01  1.04690671e-01
     9.34537549e-14  9.80815813e-02  1.22555874e-01  7.80923381e-14
     3.51078585e-02 -4.34386693e-02  5.18345423e-02  4.62405260e-05
     4.93656053e-15 -2.72595823e-01 -5.56238331e-02 -1.04755871e-01
     1.26861724e-13  2.57236418e-14  1.57053068e-01  6.32110462e-02
     1.70483568e-03 -2.71647215e-01  2.59860992e-01 -2.72525579e-01
     1.50389805e-01  3.42974812e-02  6.74602836e-02 -2.89032701e-03]
   [ 2.52599726e-14 -1.07231744e-01  4.16166754e-03 -1.74844016e-14
     1.05342838e-13 -8.16243887e-03  4.59329411e-02  7.61692002e-02
     1.03327693e-13 -2.99825281e-01  9.17760804e-02  8.86130362e-14
     6.65650368e-02 -5.91460392e-02 -2.47549657e-02  4.61577838e-05
    -2.40446226e-13  5.64085646e-03 -6.03042506e-02 -6.23842925e-02
     9.37083663e-14  5.16987576e-14 -2.76400656e-01  9.52637419e-02
     3.52117047e-03 -3.07765216e-01 -8.78455564e-02 -2.57400066e-01
     1.38188779e-01 -1.94347382e-01  1.65977240e-01  1.02665240e-03]
   [-1.61619578e-14 -5.77458367e-02  4.48397448e-04 -4.28217439e-14
     1.19565165e-13 -1.30929619e-01 -1.56982671e-02 -1.54500976e-01
     7.19297465e-14  1.68346912e-01 -1.23353126e-02  7.15173905e-14
     1.89932082e-02 -1.42880514e-01 -2.71883737e-02  3.66474924e-05
     5.33308613e-14  2.73679465e-01 -1.81733556e-02 -1.27415299e-01
     7.51294914e-14 -2.06448166e-15  1.22423477e-01  1.27658486e-01
     7.14820763e-03 -2.28416234e-01 -1.54383406e-01 -1.67092398e-01
     1.00088259e-03  1.53938144e-01 -2.17443835e-02  6.60280348e-04]]]


 [[[ 1.03668105e-13  4.26809728e-01 -4.16128337e-01  2.00390648e-13
     2.43560241e-14  1.10250548e-01 -5.08941948e-01 -2.00723018e-02
     9.96678326e-14  1.41866848e-01  4.90788996e-01  8.33558550e-14
    -8.92568082e-02  4.74849194e-01 -3.12998332e-02  4.45598562e-05
    -4.60701735e-13 -4.34483111e-01  2.61498719e-01  1.16703771e-02
     1.17060631e-13  2.61756423e-14 -3.41056108e-01  1.63232237e-01
     2.01221951e-03  1.03465050e-01  7.04475820e-01 -8.51730704e-02
     2.98210084e-01  6.07998013e-01  5.70897460e-01 -2.79375556e-04]
   [ 1.21035574e-13 -4.84375089e-01 -5.44894695e-01  1.82292983e-13
     6.54440017e-14  2.71765083e-01 -4.63176966e-01 -3.15531194e-01
     1.18548997e-13 -4.04459983e-01  3.87148589e-01  8.78696597e-14
    -4.98753376e-02  4.64529514e-01 -2.74405517e-02  4.41068260e-05
    -5.47665429e-13  1.16349041e-01  2.95020849e-01 -1.75453946e-02
     1.05440938e-13  3.65352076e-14 -2.18460664e-01  1.75126642e-01
     4.59241960e-03  4.43488210e-02 -3.31702203e-01 -5.06044403e-02
     3.83495331e-01 -4.91203517e-01  3.70022714e-01  1.65617268e-03]
   [ 9.73201622e-14  6.14388101e-02 -2.49863639e-01  4.27913388e-14
     3.93559121e-14 -4.16131973e-01 -3.61604422e-01  2.54196584e-01
     7.20703743e-14  2.68103391e-01  2.64210105e-01  8.52964143e-14
    -1.09896705e-01  2.92626351e-01 -3.33089987e-03  3.40365405e-05
    -3.33842925e-13  3.23787570e-01  1.55881003e-01  4.05230634e-02
     8.84756068e-14 -3.73460511e-15  5.39071977e-01  1.86292026e-02
     8.42525810e-03  3.89169157e-02 -3.19408417e-01 -4.18751165e-02
     1.89202800e-01 -1.25951305e-01  2.14809760e-01 -1.06522697e-04]]

  [[ 8.62201410e-14  5.27405500e-01 -2.45771900e-01  2.07336183e-13
     7.26443103e-14  4.34520185e-01 -9.62138847e-02 -3.62480342e-01
     1.05694418e-13  2.88500011e-01 -8.71769905e-01  6.81265821e-14
    -4.69736874e-01  2.50283539e-01 -1.21325828e-01  4.47647326e-05
    -6.26227152e-13 -6.03238046e-01  1.31176278e-01 -2.60784954e-01
     1.26385474e-13  7.02915035e-14 -4.04465169e-01 -5.45987546e-01
    -1.27677084e-03  1.58171162e-01  6.48637593e-01  3.83408189e-01
     7.06196129e-02  6.75720513e-01 -2.70208474e-02  5.20167581e-04]
   [ 9.28150921e-14 -6.79552138e-01 -2.66271979e-01  1.56084211e-13
     1.01408167e-13  4.42353040e-01 -1.16132297e-01  1.02332253e-02
     1.56608464e-13 -6.23142540e-01 -8.76474798e-01  7.41157420e-14
    -4.10627246e-01  3.15303683e-01 -8.43037814e-02  4.38302886e-05
    -7.79584188e-13  8.89140666e-02  1.53776497e-01 -2.08693936e-01
     1.26385474e-13  7.93250285e-14 -2.06845105e-01 -6.31592751e-01
     1.96313579e-03  2.46989429e-01 -2.98986793e-01  4.05482709e-01
     2.21950579e-02 -4.12859917e-01 -2.26430848e-01  2.66380724e-03]
   [ 4.86704657e-14  2.21127167e-01 -7.31462836e-02  2.88265844e-14
     6.44554803e-14 -6.99475467e-01 -1.10180832e-01  4.84863311e-01
     1.25064360e-13  3.58911753e-01 -4.55972195e-01  5.29255459e-14
    -2.18186319e-01  2.00272664e-01 -9.56379473e-02  3.41550694e-05
    -4.61306882e-13  5.14516771e-01  7.20359758e-02 -8.65060240e-02
     1.04141949e-13  5.30025751e-14  5.80273747e-01 -2.53925920e-01
     5.21416916e-03  1.30829945e-01 -5.05722106e-01  1.66545212e-01
    -4.17634798e-03 -2.47188449e-01 -2.01256257e-02  7.77400492e-05]]

  [[ 2.19990313e-14  2.08680272e-01  4.88535091e-02  9.09622516e-14
     6.87208130e-14  2.29889184e-01  8.72830376e-02 -1.07574403e-01
     7.00489132e-14  2.42441759e-01  1.82763368e-01  1.20431050e-13
    -3.30397993e-01  7.68890679e-02  1.09141976e-01  4.61759628e-05
     9.70402212e-14 -4.00639683e-01 -9.66307819e-02  1.54995574e-02
     1.20879299e-13  6.11378759e-14 -4.14120965e-02 -1.48606420e-01
    -3.56976967e-03  1.20400533e-01  3.89911532e-01 -5.08520842e-01
    -3.16950269e-02  2.88760453e-01 -1.63956091e-01 -2.65925308e-03]
   [ 2.31312348e-14 -2.84071505e-01  6.64160922e-02  4.08698683e-14
     7.02067663e-14  7.14420229e-02  6.65444955e-02 -3.69742401e-02
     1.00390013e-13 -4.78005052e-01  2.77999133e-01  9.64220565e-14
    -2.79277056e-01  4.20787632e-02  1.01733424e-01  4.58418981e-05
    -1.73443088e-13  2.76929289e-02 -9.24353972e-02  1.35604001e-03
     1.17972743e-13  6.89408451e-14 -1.99910626e-01 -1.46194309e-01
     1.30468514e-03  1.19928241e-01 -1.61688283e-01 -5.65599084e-01
    -5.46921529e-02 -2.62062222e-01 -2.67633855e-01 -2.47743999e-04]
   [-3.52896321e-14  8.70971456e-02 -9.27579531e-04  5.34991939e-15
     7.13928631e-14 -3.07420701e-01  3.17117162e-02  3.61004435e-02
     6.93588660e-14  2.29091942e-01  6.82060868e-02  7.88912935e-14
    -4.90840524e-02  1.03551447e-01  2.34733913e-02  3.59679107e-05
     1.22927927e-13  3.61248314e-01 -1.37886265e-02  2.75224503e-02
     1.19490884e-13  1.32582527e-14  2.56898582e-01 -1.71699271e-01
     3.95091064e-03  6.56575486e-02 -3.09676915e-01 -2.82014281e-01
     2.55765524e-02 -5.08255884e-02  1.88993365e-02 -2.54212529e-03]]]


 [[[ 1.18982433e-13  1.64190605e-01  2.87531674e-01 -9.56406839e-15
    -3.27278996e-14  8.67760647e-03 -1.54717281e-01  2.24893495e-01
     1.20179298e-13  9.45762768e-02  2.65061229e-01  1.17834927e-13
    -5.47261387e-02  4.76368293e-02  3.84555347e-02  4.55796944e-05
     8.87019340e-14 -1.75048828e-01  2.18524281e-02  1.05635040e-01
     1.27714151e-13  1.26158307e-14 -8.49418044e-02  1.56042278e-01
     1.34096050e-03  3.85940596e-02  4.59146678e-01 -2.50820909e-02
     3.10765654e-01  3.23743731e-01 -1.97071582e-01  4.18212311e-03]
   [ 9.38160343e-14 -9.60776806e-02  3.39580715e-01  1.01173376e-14
     1.92927661e-14  9.47544798e-02 -1.28907755e-01 -1.91274464e-01
     1.34452643e-13 -2.93037295e-01  1.24789216e-01  1.02143032e-13
    -1.03988620e-02  7.71131454e-05  1.21021308e-01  4.61732197e-05
    -1.20031169e-13  1.04469590e-01  2.12301174e-03  7.31827915e-02
     1.03410004e-13  9.03539786e-15 -1.82151318e-01  1.13543160e-01
     6.90778950e-03 -1.84512176e-02 -2.36042827e-01  2.73169354e-02
     2.31074661e-01 -3.38118613e-01 -1.54328302e-01  5.71316015e-03]
   [ 1.18938469e-13 -9.39348787e-02  2.18459845e-01 -1.30445229e-13
     8.40329020e-15 -1.27600774e-01 -1.98874325e-01 -1.14771686e-01
     1.23786303e-13  1.11488640e-01  9.02607068e-02  9.74480371e-14
    -8.49645026e-03  4.48190011e-02  4.64970469e-02  3.59812511e-05
     5.10993598e-14  1.03228539e-01  1.95179675e-02  5.24297841e-02
     7.21066002e-14 -3.89437458e-14  3.09845716e-01  7.45807439e-02
     1.01310108e-02 -1.94634032e-02 -2.54014730e-01  5.23196999e-03
     9.66586173e-02  1.52894482e-02 -1.58930480e-01  2.25934503e-03]]

  [[ 9.49269485e-14  1.43592089e-01  2.28339955e-01  1.00681629e-13
     4.40162365e-14  1.48357347e-01 -5.72141036e-02 -1.12245306e-01
     9.35124374e-14  2.21687615e-01 -4.28291082e-01  9.74480235e-14
    -9.37522873e-02 -2.94529676e-01 -4.99093294e-01  4.50162333e-05
    -1.45226374e-13 -2.65482455e-01 -2.15863679e-02 -7.61964098e-02
     1.25780300e-13  6.80006724e-14 -5.41205779e-02  1.60394788e-01
     1.16894825e-03  8.90534371e-03  4.29731131e-01  2.35774502e-01
    -1.61849916e-01  3.10622871e-01  1.06037073e-01  6.07693754e-03]
   [ 9.44834421e-14 -1.92991510e-01  2.34257385e-01  7.85345503e-14
     7.51401776e-14  1.18630618e-01  3.89476027e-03  1.81970652e-02
     1.31053398e-13 -4.82013285e-01 -3.48686695e-01  1.05790878e-13
    -7.46264532e-02 -2.78692096e-01 -4.41417843e-01  4.52763525e-05
    -3.90686181e-13  5.50446361e-02 -1.69405304e-02 -1.38379512e-02
     1.33909011e-13  7.22546819e-14 -1.62595347e-01  2.43577182e-01
     7.35444343e-03  1.82574335e-02 -5.77815287e-02  1.43178657e-01
    -1.78537846e-01 -2.41687447e-01  1.67910755e-01  7.43285753e-03]
   [ 6.92446385e-14  4.91514690e-02  1.54818729e-01 -8.51693255e-14
     4.30580017e-14 -2.68107206e-01 -5.37941903e-02  1.04787447e-01
     8.28324497e-14  1.99567869e-01 -2.70684510e-01  8.10501500e-14
     1.85398702e-02 -9.86971483e-02 -2.73521364e-01  3.45478584e-05
    -1.42119389e-13  2.35621303e-01  3.85644217e-03 -4.89346571e-02
     1.24532112e-13  2.54123826e-14  2.25626647e-01  1.16552688e-01
     9.80965327e-03  1.71760656e-02 -3.37391108e-01  1.11891054e-01
    -2.62068547e-02 -6.58591390e-02  4.04019654e-02  3.26444092e-03]]

  [[ 1.03668091e-13  3.28610539e-02 -2.01665983e-02  1.29320342e-13
     4.22988772e-14  9.56932306e-02 -4.83531468e-02 -1.92597851e-01
     1.29714007e-14  1.87778383e-01  1.84945717e-01  1.19918994e-13
     1.32258013e-01 -7.63040632e-02  2.00877219e-01  4.63062934e-05
     5.29440099e-13 -1.04874864e-01  2.25783288e-02  2.94743311e-02
     1.06750492e-13  2.55140080e-14  1.31456807e-01  3.35069858e-02
    -2.13011191e-03 -1.39535451e-02  2.02709273e-01 -8.78158659e-02
    -1.15230165e-01 -3.22231799e-02  9.82812494e-02  1.36369537e-03]
   [ 1.14422293e-13 -1.90276336e-02 -4.55952697e-02  7.67784003e-14
     7.58530676e-14 -9.51871201e-02  2.79649757e-02  1.07249066e-01
     5.94011331e-14 -2.50369489e-01  2.40207538e-01  1.03526860e-13
     1.24787398e-01 -3.97968516e-02  2.29743943e-01  4.64570076e-05
     1.91981644e-13  5.05887438e-03 -1.00236153e-03  2.57841963e-02
     1.34452616e-13  3.59255065e-14 -2.45457754e-01  9.17004247e-04
     4.85187443e-03 -1.61633808e-02  2.18191072e-02 -1.92998126e-02
    -6.92162141e-02 -1.58044323e-01  1.05332650e-01  3.84721905e-03]
   [ 1.17301337e-13 -3.47345769e-02 -4.01973315e-02 -3.38635200e-14
     7.15173770e-14 -7.03523159e-02  8.13494697e-02  9.83977839e-02
     2.23491845e-15  1.80465207e-01  1.73695236e-01  9.14708847e-14
     3.14508155e-02 -4.26901467e-02  1.24633275e-01  3.63673098e-05
     4.26473093e-13  1.27927408e-01 -3.06526795e-02  3.35391313e-02
     1.06410486e-13 -2.64053492e-14  6.28570691e-02 -2.44615804e-02
     7.09981984e-03  5.64443972e-03 -1.57934338e-01 -1.05503537e-02
    -7.00645372e-02  1.72833964e-01  3.00726248e-03  9.38761732e-05]]]]
