Iteration: 0

[-62.24275832  -7.04758058 -55.30192396  -7.17090115  -5.42815102
  -6.94590095  -8.02029121  -5.16357515 -51.02305474  -6.95802266
  -5.85553382 -61.48732642  -6.08671032  -6.07371281  -7.6935995
  -6.3717954  -61.44847483 -59.99795192 -54.4082345   -6.46562132
  -6.25389109  -7.84476964  -7.51202953  -4.61689699 -54.33880848
  -7.33288684 -57.78603243 -60.7102861  -51.53332917  -5.98596613
 -58.46629097 -54.15190058 -48.2339271  -56.06719188 -59.2419505
 -58.60360818 -57.88022048 -55.66448477 -53.69030813  -7.75544318]
Priting grad...

[-126.48551664  -12.09516115 -112.60384793  -12.3418023    -8.85630203
  -11.8918019   -14.04058243   -8.3271503  -104.04610947  -11.91604531
   -9.71106763 -124.97465283  -10.17342064  -10.14742562  -13.38719899
  -10.74359079 -124.89694965 -121.99590383 -110.816469    -10.93124264
  -10.50778218  -13.68953928  -13.02405906   -7.23379398 -110.67761696
  -12.66577367 -117.57206486 -123.4205722  -105.06665833   -9.97193226
 -118.93258194 -110.30380117  -98.46785421 -114.13438376 -120.48390099
 -119.20721636 -117.76044097 -113.32896953 -109.38061625  -13.51088635]
Iteration: 1

[-41.32847839  -4.75305979 -36.75603481  -4.91212174  -3.76450525
  -4.72564182  -5.42217328  -3.52304561 -33.93631977  -4.75128152
  -3.98930497 -40.78281349  -4.16654973  -4.18336251  -5.2359132
  -4.33913759 -40.82282724 -39.8913366  -36.20714236  -4.39727112
  -4.24829374  -5.31849731  -5.11511002  -3.23922606 -36.10647001
  -5.00251678 -38.4400749  -40.36079271 -34.3615592   -4.05912448
 -38.91450216 -36.07282003 -32.20679382 -37.27139837 -39.40206757
 -38.90030447 -38.47825667 -37.01183233 -35.70213958  -5.21079723]
Priting grad...

[-84.65695678  -7.50611957 -75.51206962  -7.82424349  -5.5290105
  -7.45128364  -8.84434657  -5.04609122 -69.87263953  -7.50256304
  -5.97860994 -83.56562697  -6.33309945  -6.36672503  -8.47182641
  -6.67827518 -83.64565448 -81.7826732  -74.41428473  -6.79454225
  -6.49658748  -8.63699461  -8.23022004  -4.47845212 -74.21294002
  -8.00503356 -78.88014981 -82.72158542 -70.72311839  -6.11824896
 -79.82900433 -74.14564006 -66.41358763 -76.54279674 -80.80413514
 -79.80060895 -78.95651334 -76.02366466 -73.40427916  -8.42159447]
Iteration: 2

[-27.31095029  -3.21518931 -24.32589154  -3.39820912  -2.64947365
  -3.23754565  -3.68082151  -2.42350511 -22.48415664  -3.27224621
  -2.73849264 -26.90587753  -2.87959114  -2.91638477  -3.58868499
  -2.97677862 -26.99875202 -26.41513719 -24.0080964   -3.01098964
  -2.90407126  -3.62529957  -3.50860996  -2.31586589 -23.88647973
  -3.44062085 -25.47369724 -26.72180727 -22.8524054   -2.76768662
 -25.8101695  -23.955552   -21.46481933 -24.67376016 -26.10464257
 -25.69441728 -25.47434068 -24.51013285 -23.64580196  -3.50528316]
Priting grad...

[-56.62190059  -4.43037863 -50.65178309  -4.79641824  -3.29894729
  -4.47509129  -5.36164303  -2.84701023 -46.96831328  -4.54449242
  -3.47698528 -55.81175507  -3.75918228  -3.83276954  -5.17736998
  -3.95355723 -55.99750405 -54.83027439 -50.01619281  -4.02197929
  -3.80814252  -5.25059913  -5.01721991  -2.63173177 -49.77295945
  -4.8812417  -52.94739448 -55.44361454 -47.70481081  -3.53537324
 -53.620339   -49.911104   -44.92963866 -51.34752032 -54.20928514
 -53.38883457 -52.94868135 -51.02026571 -49.29160391  -5.01056633]
Iteration: 3

[-17.9158809   -2.18445393 -15.99474784  -2.38353382  -1.90214359
  -2.24017222  -2.51370618  -1.68655553 -14.80849239  -2.28094632
  -1.90015527 -17.60503673  -2.01702801  -2.06721442  -2.48465581
  -2.06367877 -17.7333427  -17.38288829 -15.83184425  -2.0818559
  -2.00312674  -2.4904593   -2.4318783   -1.69700162 -15.69618804
  -2.39378476 -16.78315045 -17.58045298 -15.13854685  -1.90211993
 -17.02716091 -15.83411169 -14.26515416 -16.23035535 -17.19221536
 -16.84333946 -16.75863347 -16.13103003 -15.56519728  -2.36218637]
Priting grad...

[-37.83176181  -2.36890786 -33.98949569  -2.76706763  -1.80428719
  -2.48034445  -3.02741236  -1.37311105 -31.61698479  -2.56189264
  -1.80031053 -37.21007345  -2.03405603  -2.13442883  -2.96931163
  -2.12735754 -37.4666854  -36.76577657 -33.6636885   -2.16371179
  -2.00625347  -2.98091859  -2.86375659  -1.39400325 -33.39237608
  -2.78756953 -35.56630091 -37.16090595 -32.2770937   -1.80423985
 -36.05432182 -33.66822337 -30.53030832 -34.4607107  -36.38443073
 -35.68667892 -35.51726693 -34.26206006 -33.13039456  -2.72437275]
Iteration: 4

[-11.61895466  -1.49361928 -10.41090557  -1.70346587  -1.40126075
  -1.57169937  -1.73146538  -1.19262781  -9.66397767  -1.61654478
  -1.3382739  -11.37126449  -1.43891045  -1.49807406  -1.74469877
  -1.45168904 -11.52332022 -11.32913971 -10.3518176   -1.45911951
  -1.39928353  -1.7298509   -1.71021706  -1.28222181 -10.20674971
  -1.69216087 -10.95842399 -11.45357777  -9.96843583  -1.32198788
 -11.14046387 -10.39082321  -9.43967599 -10.57127174 -11.2187762
 -10.91101628 -10.91704272 -10.51504428 -10.14927618  -1.59604249]
Priting grad...

[-25.23790932  -0.98723856 -22.82181115  -1.40693174  -0.8025215
  -1.14339875  -1.46293077  -0.38525561 -21.32795534  -1.23308956
  -0.6765478  -24.74252898  -0.8778209   -0.99614812  -1.48939754
  -0.90337808 -25.04664045 -24.65827941 -22.7036352   -0.91823901
  -0.79856706  -1.45970179  -1.42043412  -0.56444361 -22.41349941
  -1.38432174 -23.91684799 -24.90715554 -21.93687166  -0.64397575
 -24.28092775 -22.78164642 -20.87935197 -23.14254348 -24.4375524
 -23.82203256 -23.83408544 -23.03008857 -22.29855236  -1.19208498]
Iteration: 5

[-7.39851878 -1.0305987  -6.66840655 -1.24766418 -1.06555595 -1.12366788
 -1.20718177 -0.86158235 -6.21593317 -1.17124263 -0.96168359 -7.19315529
 -1.05143885 -1.11662019 -1.24875636 -1.04151447 -7.36113125 -7.27169244
 -6.67890122 -1.04174198 -0.99456863 -1.22006657 -1.22653718 -1.00422695
 -6.5275234  -1.22191099 -7.05447654 -7.34711818 -6.50323869 -0.9331647
 -7.19498219 -6.74253136 -6.20546593 -6.7783434  -7.21515575 -6.93495064
 -7.00179136 -6.75100201 -6.51932477 -1.08254642]
Priting grad...

[-1.67970376e+01 -6.11973902e-02 -1.53368131e+01 -4.95328351e-01
 -1.31111905e-01 -2.47335765e-01 -4.14363543e-01  2.76835306e-01
 -1.44318663e+01 -3.42485265e-01  7.66328227e-02 -1.63863106e+01
 -1.02877699e-01 -2.33240380e-01 -4.97512720e-01 -8.30289343e-02
 -1.67222625e+01 -1.65433849e+01 -1.53578024e+01 -8.34839554e-02
  1.08627334e-02 -4.40133133e-01 -4.53074354e-01 -8.45389383e-03
 -1.50550468e+01 -4.43821975e-01 -1.61089531e+01 -1.66942364e+01
 -1.50064774e+01  1.33670595e-01 -1.63899644e+01 -1.54850627e+01
 -1.44109319e+01 -1.55566868e+01 -1.64303115e+01 -1.58699013e+01
 -1.60035827e+01 -1.55020040e+01 -1.50386495e+01 -1.65092838e-01]
Iteration: 6

[-4.56982371 -0.72026754 -4.16004402 -0.94217404 -0.84055961 -0.82338436
 -0.85579062 -0.63970662 -3.9049259  -0.87278902 -0.70928222 -4.39282765
 -0.79174524 -0.86096076 -0.9163616  -0.7666039  -4.5714762  -4.55224031
 -4.21717712 -0.76200357 -0.72331691 -0.87839382 -0.90236122 -0.81791044
 -4.06156828 -0.90673654 -4.43790636 -4.59481602 -4.18073802 -0.67256383
 -4.55057499 -4.29731277 -4.03778275 -4.23618148 -4.53178082 -4.27004132
 -4.37764404 -4.22820089 -4.08639645 -0.73838427]
Priting grad...

[-11.13964742   0.55946491 -10.32008803   0.11565193   0.31888078
   0.35323129   0.28841875   0.72058677  -9.8098518    0.25442196
   0.58143557 -10.7856553    0.41650953   0.27807849   0.16727679
   0.46679221 -11.14295239 -11.10448063 -10.43435425   0.47599286
   0.55336617   0.24321235   0.19527756   0.36417913 -10.12313656
   0.18652692 -10.87581273 -11.18963204 -10.36147604   0.65487234
 -11.10114998 -10.59462555 -10.07556549 -10.47236296 -11.06356163
 -10.54008263 -10.75528808 -10.45640178 -10.17279289   0.52323146]
Iteration: 7

[-2.67392491 -0.51227451 -2.4788455  -0.73742827 -0.68976417 -0.622127
 -0.62027841 -0.49100049 -2.35600311 -0.67275873 -0.54011687 -2.51594027
 -0.61769317 -0.68961342 -0.69358255 -0.58235227 -2.70174424 -2.72956211
 -2.56723898 -0.574516   -0.54151716 -0.6493957  -0.68509071 -0.69304015
 -2.40879248 -0.6954994  -2.68418416 -2.75012035 -2.62411488 -0.49790229
 -2.77819613 -2.65843848 -2.5849254  -2.53232958 -2.73328336 -2.48391754
 -2.61884251 -2.5373256  -2.45575736 -0.507716  ]
Priting grad...

[-7.34784982  0.97545098 -6.957691    0.52514346  0.62047165  0.75574601
  0.75944317  1.01799903 -6.71200622  0.65448253  0.91976626 -7.03188054
  0.76461367  0.62077316  0.61283491  0.83529546 -7.40348848 -7.45912422
 -7.13447796  0.85096799  0.91696568  0.7012086   0.62981859  0.61391969
 -6.81758496  0.60900121 -7.36836831 -7.50024071 -7.24822976  1.00419542
 -7.55639225 -7.31687696 -7.16985081 -7.06465916 -7.46656671 -6.96783509
 -7.23768502 -7.0746512  -6.91151472  0.984568  ]
Iteration: 8

[-1.40322074 -0.37287228 -1.35204297 -0.60020512 -0.58870094 -0.48724064
 -0.46243256 -0.39133533 -1.3178576  -0.53869541 -0.4267394  -1.25797678
 -0.50104123 -0.57477517 -0.54427199 -0.45886363 -1.44857885 -1.50793503
 -1.46138987 -0.44885837 -0.41967143 -0.49591628 -0.53947218 -0.60935341
 -1.3010396  -0.55392489 -1.50877463 -1.51373621 -1.58081125 -0.38084048
 -1.59028297 -1.56000602 -1.61117083 -1.39034412 -1.52786358 -1.28678842
 -1.4400278  -1.40403784 -1.36284226 -0.35311553]
Priting grad...

[-4.80644148  1.25425545 -4.70408593  0.79958976  0.82259812  1.02551872
  1.07513487  1.21732934 -4.63571519  0.92260917  1.14652121 -4.51595356
  0.99791754  0.85044966  0.91145601  1.08227273 -4.89715769 -5.01587006
 -4.92277975  1.10228326  1.16065714  1.00816744  0.92105563  0.78129318
 -4.6020792   0.89215023 -5.01754927 -5.02747241 -5.16162249  1.23831903
 -5.18056595 -5.12001204 -5.22234166 -4.78068824 -5.05572716 -4.57357684
 -4.8800556  -4.80807567 -4.72568451  1.29376895]
Iteration: 9

[-0.55154519 -0.27944214 -0.59681717 -0.50823813 -0.52097006 -0.39683859
 -0.35664158 -0.32453926 -0.62205394 -0.4488456  -0.35075302 -0.41483903
 -0.422861   -0.49781141 -0.44420275 -0.3761006  -0.60865921 -0.68915469
 -0.7202094  -0.36464145 -0.33800911 -0.39305229 -0.44187748 -0.5532694
 -0.55858128 -0.45904086 -0.72097171 -0.68506498 -0.88155337 -0.30238415
 -0.7941004  -0.8237977  -0.95852869 -0.62494238 -0.71994644 -0.48442535
 -0.64994176 -0.6444659  -0.63032969 -0.24949851]
Priting grad...

[-3.10309038  1.44111573 -3.19363433  0.98352374  0.95805987  1.20632282
  1.28671683  1.35092148 -3.24410787  1.10230881  1.29849396 -2.82967805
  1.15427801  1.00437719  1.11159449  1.2477988  -3.21731842 -3.37830939
 -3.44041881  1.2707171   1.32398178  1.21389541  1.11624504  0.8934612
 -3.11716256  1.08191829 -3.44194342 -3.37012996 -3.76310674  1.3952317
 -3.58820081 -3.6475954  -3.91705738 -3.24988476 -3.43989288 -2.96885069
 -3.29988351 -3.28893179 -3.26065939  1.50100298]
Iteration: 10

[ 0.01928185 -0.2168242  -0.09063587 -0.44660349 -0.47557977 -0.33625157
 -0.28573971 -0.27977326 -0.15570048 -0.38862931 -0.29982754  0.15026715
 -0.37046592 -0.44623253 -0.37713687 -0.32063338 -0.0457122  -0.14037717
 -0.22344337 -0.30819963 -0.2832792  -0.32411265 -0.37647012 -0.51568577
 -0.06095692 -0.39545052 -0.1929571  -0.12965807 -0.41288771 -0.24980264
 -0.26047019 -0.33036543 -0.52110801 -0.111941   -0.17845031  0.05335089
 -0.12039607 -0.13537215 -0.13937227 -0.1800525 ]
Priting grad...

[-1.9614363   1.5663516  -2.18127173  1.10679302  1.04884045  1.32749686
  1.42852058  1.44045348 -2.31140096  1.22274138  1.40034491 -1.6994657
  1.25906816  1.10753494  1.24572627  1.35873325 -2.0914244  -2.28075435
 -2.44688674  1.38360074  1.4334416   1.35177471  1.24705977  0.96862847
 -2.12191383  1.20909897 -2.38591419 -2.25931614 -2.82577542  1.50039473
 -2.52094038 -2.66073087 -3.04221602 -2.223882   -2.35690062 -1.89329821
 -2.24079213 -2.27074431 -2.27874455  1.639895  ]
Iteration: 11

[ 4.01873815e-01 -1.74857744e-01  2.48626579e-01 -4.05298721e-01
 -4.45162972e-01 -2.95647690e-01 -2.38221806e-01 -2.49772634e-01
  1.56866950e-01 -3.48274509e-01 -2.65698813e-01  5.29026252e-01
 -3.35353014e-01 -4.11667544e-01 -3.32191052e-01 -2.83460815e-01
  3.31597493e-01  2.27434452e-01  1.09507045e-01 -2.70373710e-01
 -2.46600387e-01 -2.77910352e-01 -3.32635906e-01 -4.90501767e-01
  2.72570657e-01 -3.52834364e-01  1.60937765e-01  2.42596971e-01
 -9.87735045e-02 -2.14563383e-01  9.71877022e-02  3.49327865e-04
 -2.27936722e-01  2.31892298e-01  1.84480588e-01  4.13791233e-01
  2.34525820e-01  2.05841817e-01  1.89685937e-01 -1.33509165e-01]
Priting grad...

[-1.19625237  1.65028451 -1.50274684  1.18940256  1.10967406  1.40870462
  1.52355639  1.50045473 -1.6862661   1.30345098  1.46860237 -0.9419475
  1.32929397  1.17666491  1.3356179   1.43307837 -1.33680501 -1.5451311
 -1.78098591  1.45925258  1.50679923  1.4441793   1.33472819  1.01899647
 -1.45485869  1.29433127 -1.67812447 -1.51480606 -2.19754701  1.57087323
 -1.8056246  -1.99930134 -2.45587344 -1.5362154  -1.63103882 -1.17241753
 -1.53094836 -1.58831637 -1.62062813  1.73298167]
ADALINE accuracy: 97.50%
